000000000000000                                  
000000011111130                                  
000000010000010                                 
07111111001111144444444444411
000000000010010             1               
000000000081150             1                   
000000000000000             1                                                 
                            2
                            2
                            2
                            2
                            2
                            2
                            2
                            2
                            2
                            2
                            2
                            2
                            2
                            2
                            2
                            2
                            2
                            2
                        000010000
                        000010000
                        000010000
                        000011100                                                                                                                                                       
                        000000100
                        0000011114444444444444444444449
                        000000000
                        000000000   