000000000000000                 000000000000000                    000000000000000000000
000000011111130                 006111111111130                    000000000000000000000
000000010000010                 001000000000010                    00000000000611111130
071111110011111444444444444444444110000111111114444444444444444444411100000000100000010
000000000010010                 001011110000000                    00100000000100000010
000000000081150                 001110000000000                    00100000000100000010
000000000000000                 000000000000000                    00811111111500000010
                                                                  000000000000000000010                
                                                                                    010
                                                                                    010
                                                                                    010
                                                                                     2
                                                                                     2
                                                                                     2
                                                                                     2
                                                                                     2
                                                                                     2
                                                                                     2
                                                                                     2
                                                                                     2
                                                                                     2
                                                                                     2
                                                                                     2
                                                                                     2
                                                                                     2
                                                                                     2
                                                                                     2
                                                                                     2
                                                                                     2
                                                                                 000010000
                                                                                 000010000
                                                                                 000010000
                                                                                 000011100                                                                                                                                                       
                                                                                 000000100
                                                                                 0000011114444444444444444444449
                                                                                 000000000
                                                                                 000000000                                                                 











