000000000000000                 000000000000000                   
000000000000000                 000000000611130                
000000000000000                 001000000000010                    
00000711001111144444444444444444411000011111110
000000011111110                 001061110000010                    
000000000081150                 008110000000010                   
000000000000000                 000000000000010                   
                                            010                                
                                            010
                                            010
                                            010
                                             2
                                             2
                                             2 
                                             2
                                             2
                                         000010000
                                         000010000
                                         000010000
                                         000011000                                                                                                                                                       
                                         000001000
                                         00000111144444444449
                                         000000000
                                         000000000  